ID;Code du département;Libellé du département;Inscrits;Votants;Exprimés;Abstentions;Blancs et nuls;François MITTERRAND (PS);Valéry GISCARD D'ESTAING (UDF)
1;1;AIN;261921;224982;218914;36939;6068;104587;114327
2;2;AISNE;360677;319079;311225;41598;7854;175813;135412
3;3;ALLIER;266522;232448;225263;34074;7185;126244;99019
4;4;ALPES-DE-HAUTE-PROVENCE;87503;76462;73773;11041;2689;39493;34280
5;5;HAUTES-ALPES;74993;65017;62933;9976;2084;32236;30697
6;6;ALPES-MARITIMES;594894;501373;488291;93521;13082;222796;265495
7;7;ARDECHE;193104;168175;163861;24929;4314;82945;80916
8;8;ARDENNES;192968;170115;166123;22853;3992;92856;73267
9;9;ARIEGE;106803;92815;90409;13988;2406;57162;33247
10;10;AUBE;188494;162778;158095;25716;4683;79153;78942
11;11;AUDE;204916;181550;175866;23366;5684;111970;63896
12;12;AVEYRON;209655;185952;180174;23703;5778;86686;93488
13;13;BOUCHES-DU-RHONE;1036153;856070;830139;180083;25931;465917;364222
14;14;CALVADOS;389715;338786;328958;50929;9828;165823;163135
15;15;CANTAL;124443;107216;104220;17227;2996;44878;59342
16;16;CHARENTE;245530;215346;209344;30184;6002;117477;91867
17;17;CHARENTE-MARITIME;366280;314215;304637;52065;9578;163058;141579
18;18;CHER;219830;192567;186852;27263;5715;98688;88164
19;19;CORREZE;184016;163701;155164;20315;8537;92849;62315
20;21;COTE-D'OR;299721;259242;251786;40479;7456;132266;119520
21;22;COTES-D'ARMOR;395513;355647;347884;39866;7763;193146;154738
22;23;CREUSE;113977;96701;93380;17276;3321;52578;40802
23;24;DORDOGNE;293598;261632;252989;31966;8643;146464;106525
24;25;DOUBS;294649;257668;250153;36981;7515;131064;119089
25;26;DROME;256736;221543;214885;35193;6658;117106;97779
26;27;EURE;307990;271316;263857;36674;7459;134695;129162
27;28;EURE-ET-LOIR;237987;209408;203462;28579;5946;100109;103353
28;29;FINISTERE;595187;519026;507641;76161;11385;249061;258580
29;30;GARD;363792;312715;303314;51077;9401;174300;129014
30;31;HAUTE-GARONNE;528364;454457;441131;73907;13326;268136;172995
31;32;GERS;133544;117989;114595;15555;3394;67637;46958
32;33;GIRONDE;735338;633092;615786;102246;17306;356185;259601
33;34;HERAULT;458202;394484;383301;63718;11183;216017;167284
34;35;ILLE-ET-VILAINE;591816;431383;419731;160433;11652;192291;227440
35;36;INDRE;180602;158478;153178;22124;5300;81631;71547
36;37;INDRE-ET-LOIRE;329707;284417;275828;45290;8589;145042;130786
37;38;ISERE;559600;482320;468737;77280;13583;261935;206802
38;39;JURA;169782;150072;145477;19710;4595;76312;69165
39;40;LANDES;219293;195337;190571;23956;4766;107032;83539
40;41;LOIR-ET-CHER;208006;183957;178365;24049;5592;90134;88231
41;42;LOIRE;475590;403050;391984;72540;11066;200287;191697
42;43;HAUTE-LOIRE;152683;133789;130407;18894;3382;57343;73064
43;44;LOIRE-ATLANTIQUE;653011;563226;548380;89785;14846;273667;274713
44;45;LOIRET;340538;299717;289986;40821;9731;138667;151319
45;46;LOT;116997;105465;102060;11532;3405;60804;41256
46;47;LOT-ET-GARONNE;214939;190232;184407;24707;5825;104420;79987
47;48;LOZERE;57261;49769;48577;7492;1192;19696;28881
48;49;MAINE-ET-LOIRE;429975;374995;363842;54980;11153;154123;209719
49;50;MANCHE;326924;284249;276367;42675;7882;112933;163434
50;51;MARNE;342465;295107;287421;47358;7686;142574;144847
51;52;HAUTE-MARNE;144728;125807;122173;18921;3634;63498;58675
52;53;MAYENNE;187947;166300;161002;21647;5298;64846;96156
53;54;MEURTHE-ET-MOSELLE;464199;396888;387528;67311;9360;209973;177555
54;55;MEUSE;138922;122493;119526;16429;2967;58365;61161
55;56;MORBIHAN;413720;360842;352547;52878;8295;162271;190276
56;57;MOSELLE;634071;545920;532337;88151;13583;260557;271780
57;58;NIEVRE;176994;154273;150774;22721;3499;94867;55907
58;59;NORD;1602085;1413559;1375717;188526;37842;761921;613796
59;60;OISE;409743;362366;352517;47377;9849;192459;160058
60;61;ORNE;205607;180366;174780;25241;5586;78694;96086
61;62;PAS-DE-CALAIS;945514;843455;820150;102059;23305;477346;342804
62;63;PUY-DE-DOME;387529;341086;331963;46443;9123;172403;159560
63;64;PYRENEES-ATLANTIQUES;390853;341501;333228;49352;8273;165177;168051
64;65;HAUTES-PYRENEES;167946;143907;140183;24039;3724;84181;56002
65;66;PYRENEES-ORIENTALES;224873;190160;184635;34713;5525;103952;80683
66;67;BAS-RHIN;580175;495851;482898;84324;12953;168458;314440
67;68;HAUT-RHIN;413311;352430;341558;60881;10872;137585;203973
68;69;RHONE;849289;716188;695247;133101;20941;352858;342389
69;70;HAUTE-SAONE;159599;142606;138289;16993;4317;72833;65456
70;71;SAONE-ET-LOIRE;388740;332328;323242;56412;9086;171808;151434
71;72;SARTHE;345839;302242;294793;43597;7449;149459;145334
72;73;SAVOIE;215256;183836;178784;31420;5052;90193;88591
73;74;HAUTE-SAVOIE;301615;255869;247841;45746;8028;109596;138245
74;75;PARIS;1272587;1052222;1017372;220365;34850;472390;544982
75;76;SEINE-MARITIME;783343;684780;667485;98563;17295;370238;297247
76;77;SEINE-ET-MARNE;537167;462718;448259;74449;14459;235937;212322
77;78;YVELINES;710108;614109;594023;95999;20086;290520;303503
78;79;DEUX-SEVRES;240263;212407;206217;27856;6190;98092;108125
79;80;SOMME;371984;335862;327213;36122;8649;180256;146957
80;81;TARN;246735;221725;213984;25010;7741;117970;96014
81;82;TARN-ET-GARONNE;137150;122300;118235;14850;4065;66176;52059
82;83;VAR;470613;405944;394597;64669;11347;190840;203757
83;84;VAUCLUSE;275547;239099;231235;36448;7864;125491;105744
84;85;VENDEE;335645;299830;290958;35815;8872;115260;175698
85;86;VIENNE;259361;227486;220618;31875;6868;116889;103729
86;87;HAUTE-VIENNE;259979;229966;220786;30013;9180;137300;83486
87;88;VOSGES;271174;238054;230419;33120;7635;114808;115611
88;89;YONNE;216241;189198;182291;27043;6907;91326;90965
89;90;TERRITOIRE DE BELFORT;81290;71335;69292;9955;2043;39099;30193
90;91;ESSONNE;594415;513819;496817;80596;17002;280795;216022
91;92;HAUTS-DE-SEINE;852998;722401;698557;130597;23844;357580;340977
92;93;SEINE-SAINT-DENIS;744200;617521;596718;126679;20803;375774;220944
93;94;VAL-DE-MARNE;716431;602388;581929;114043;20459;330093;251836
94;95;VAL-D'OISE;533843;458888;444199;74955;14689;252475;191724
95;2A;CORSE-DU-SUD;115528;83284;81617;32244;1667;40387;41230
96;2B;HAUTE-CORSE;90298;67601;66145;22697;1456;30350;35795