ID;Code du département;Libellé du département;Inscrits;Votants;Exprimés;Abstentions;Blancs et nuls;François MITTERRAND (CIR);Charles DE GAULLE (UNR)
1;1;AIN;206473;167689;162964;38784;4725;72066;90898
2;2;AISNE;290593;253587;247031;37006;6556;109130;137901
3;3;ALLIER;244320;204904;199612;39416;5292;109592;90020
4;4;ALPES-DE-HAUTE-PROVENCE;62577;51601;50189;10976;1412;28152;22037
5;5;HAUTES-ALPES;57569;46962;45660;10607;1302;21021;24639
6;6;ALPES-MARITIMES;408942;338892;328576;70050;10316;162699;165877
7;7;ARDECHE;165572;138369;134423;27203;3946;59920;74503
8;8;ARDENNES;166734;143179;139583;23555;3596;62329;77254
9;9;ARIEGE;94742;79465;78118;15277;1347;48828;29290
10;10;AUBE;153399;131376;127174;22023;4202;58062;69112
11;11;AUDE;173913;151899;148259;22014;3640;96225;52034
12;12;AVEYRON;188848;159602;153383;29246;6219;66905;86478
13;13;BOUCHES-DU-RHONE;749793;605213;591144;144580;14069;334228;256916
14;14;CALVADOS;281530;236547;228140;44983;8407;81277;146863
15;15;CANTAL;110618;87425;85277;23193;2148;32041;53236
16;16;CHARENTE;206210;173268;168463;32942;4805;78970;89493
17;17;CHARENTE-MARITIME;290538;237724;231142;52814;6582;113030;118112
18;18;CHER;185981;156615;152517;29366;4098;76057;76460
19;19;CORREZE;161834;137208;134893;24626;2315;73448;61445
20;20;CORSE;178379;109318;107916;69061;1402;43541;64375
21;21;COTE-D'OR;232688;191900;184266;40788;7634;86460;97806
22;22;COTES-D'ARMOR;326442;282610;277702;43832;4908;125512;152190
23;23;CREUSE;113144;88860;87394;24284;1466;45859;41535
24;24;DORDOGNE;253017;217965;213294;35052;4671;113186;100108
25;25;DOUBS;219875;190786;186143;29089;4643;77310;108833
26;26;DROME;195204;162214;157707;32990;4507;77721;79986
27;27;EURE;213621;184479;178639;29142;5840;78882;99757
28;28;EURE-ET-LOIR;173872;148978;144161;24894;4817;61688;82473
29;29;FINISTERE;494879;419188;411748;75691;7440;151697;260051
30;30;GARD;279156;237691;230459;41465;7232;138455;92004
31;31;HAUTE-GARONNE;386737;325005;317290;61732;7715;181861;135429
32;32;GERS;115087;96049;93303;19038;2746;60875;32428
33;33;GIRONDE;581834;484753;473011;97081;11742;231628;241383
34;34;HERAULT;324912;273688;265043;51224;8645;159238;105805
35;35;ILLE-ET-VILAINE;381665;322875;313947;58790;8928;101651;212296
36;36;INDRE;161000;134252;129839;26748;4413;69208;60631
37;37;INDRE-ET-LOIRE;246813;207576;200440;39237;7136;93633;106807
38;38;ISERE;433983;357797;348618;76186;9179;179424;169194
39;39;JURA;141733;120111;116895;21622;3216;51835;65060
40;40;LANDES;176442;150670;147555;25772;3115;68826;78729
41;41;LOIR-ET-CHER;162347;138836;134226;23511;4610;62892;71334
42;42;LOIRE;411746;337983;324975;73763;13008;150042;174933
43;43;HAUTE-LOIRE;138645;112895;108318;25750;4577;42856;65462
44;44;LOIRE-ATLANTIQUE;489269;416761;402772;72508;13989;158142;244630
45;45;LOIRET;242971;207481;201227;35490;6254;84173;117054
46;46;LOT;101075;86201;84045;14874;2156;42979;41066
47;47;LOT-ET-GARONNE;173968;151053;146690;22915;4363;87178;59512
48;48;LOZERE;54132;43897;42717;10235;1180;14193;28524
49;49;MAINE-ET-LOIRE;332111;278775;267574;53336;11201;86971;180603
50;50;MANCHE;268178;224786;218023;43392;6763;58195;159828
51;51;MARNE;258446;217340;210617;41106;6723;92877;117740
52;52;HAUTE-MARNE;120178;102918;100223;17260;2695;38085;62138
53;53;MAYENNE;152468;131762;126147;20706;5615;38182;87965
54;54;MEURTHE-ET-MOSELLE;369449;317517;309868;51932;7649;128010;181858
55;55;MEUSE;120841;103990;101004;16851;2986;33636;67368
56;56;MORBIHAN;336716;279554;274400;57162;5154;91979;182421
57;57;MOSELLE;479238;413986;405160;65252;8826;114315;290845
58;58;NIEVRE;156252;134637;131872;21615;2765;80474;51398
59;59;NORD;1316766;1167907;1140656;148859;27251;507483;633173
60;60;OISE;283230;247068;240233;36162;6835;103248;136985
61;61;ORNE;169166;143321;138367;25845;4954;45404;92963
62;62;PAS-DE-CALAIS;754357;670846;657275;83511;13571;322832;334443
63;63;PUY-DE-DOME;315834;260931;254725;54903;6206;122990;131735
64;64;PYRENEES-ATLANTIQUES;307277;256264;248817;51013;7447;101184;147633
65;65;HAUTES-PYRENEES;139157;114675;112258;24482;2417;62453;49805
66;66;PYRENEES-ORIENTALES;162797;133124;129270;29673;3854;74358;54912
67;67;BAS-RHIN;467847;378287;372020;89560;6267;74851;297169
68;68;HAUT-RHIN;340182;288308;278098;51874;10210;72296;205802
69;69;RHONE;623065;513740;493110;109325;20630;229694;263416
70;70;HAUTE-SAONE;131810;114572;111418;17238;3154;50592;60826
71;71;SAONE-ET-LOIRE;330292;267036;259810;63256;7226;126589;133221
72;72;SARTHE;266850;227185;221057;39665;6128;102672;118385
73;73;SAVOIE;161238;130302;126904;30936;3398;58468;68436
74;74;HAUTE-SAVOIE;201024;166365;161583;34659;4782;58941;102642
75;75;SEINE;3218731;2716430;2639147;502301;77283;1253300;1385847
76;76;SEINE-MARITIME;620227;527938;511192;92289;16746;247507;263685
77;77;SEINE-ET-MARNE;323844;275482;267536;48362;7946;117943;149593
78;78;YVELINES;1413312;1222421;1189766;190891;32655;573149;616617
79;79;DEUX-SEVRES;199662;170287;164058;29375;6229;68268;95790
80;80;SOMME;296537;266563;260190;29974;6373;120065;140125
81;81;TARN;207872;183452;177425;24420;6027;96445;80980
82;82;TARN-ET-GARONNE;111259;96919;93950;14340;2969;52388;41562
83;83;VAR;312992;258302;251982;54690;6320;132451;119531
84;84;VAUCLUSE;194235;167152;161618;27083;5534;94319;67299
85;85;VENDEE;254126;221007;211983;33119;9024;61147;150836
86;86;VIENNE;206752;173258;167878;33494;5380;71917;95961
87;87;HAUTE-VIENNE;226734;193547;189829;33187;3718;105539;84290
88;88;VOSGES;230192;195662;189738;34530;5924;70385;119353
89;89;YONNE;172507;145253;140925;27254;4328;62984;77941
90;90;TERRITOIRE DE BELFORT;64220;54277;52960;9943;1317;24606;28354