ID;Code du département;Libellé du département;Inscrits;Votants;Exprimés;Abstentions;Blancs et nuls;Ségolène ROYAL (PS);Nicolas SARKOZY (UMP)
1;1;AIN;372955;319518;305854;53437;13664;120689;185165
2;2;AISNE;377355;317391;303007;59964;14384;141342;161665
3;3;ALLIER;259503;220677;209868;38826;10809;107442;102426
4;4;ALPES DE HAUTE PROVENCE;118928;103788;99044;15140;4744;46360;52684
5;5;HAUTES ALPES;103052;89694;85619;13358;4075;39668;45951
6;6;ALPES MARITIMES;721912;606765;586289;115147;20476;187169;399120
7;7;ARDECHE;235544;203934;194535;31610;9399;94121;100414
8;8;ARDENNES;199104;165433;158048;33671;7385;73442;84606
9;9;ARIEGE;113791;99560;95076;14231;4484;56628;38448
10;10;AUBE;204735;171764;164166;32971;7598;62885;101281
11;11;AUDE;254384;220301;210322;34083;9979;109194;101128
12;12;AVEYRON;217855;192588;183813;25267;8775;90380;93433
13;13;BOUCHES DU RHONE;1260808;1069367;1029310;191441;40057;431992;597318
14;14;CALVADOS;482675;414393;397606;68282;16787;194023;203583
15;15;CANTAL;123322;106618;102189;16704;4429;45208;56981
16;16;CHARENTE;259795;222344;212989;37451;9355;112632;100357
17;17;CHARENTE MARITIME;453397;388279;372389;65118;15890;179017;193372
18;18;CHER;232240;193636;183770;38604;9866;89323;94447
19;19;CORREZE;187179;164528;156457;22651;8071;82909;73548
20;21;COTE D'OR;349541;302195;288978;47346;13217;126761;162217
21;22;COTES D'ARMOR;445750;394042;379199;51708;14843;210577;168622
22;23;CREUSE;99791;84757;80818;15034;3939;43043;37775
23;24;DORDOGNE;309001;273749;261551;35252;12198;139604;121947
24;25;DOUBS;353154;306243;292079;46911;14164;129107;162972
25;26;DROME;338120;290776;277866;47344;12910;125384;152482
26;27;EURE;403691;343416;328396;60275;15020;139980;188416
27;28;EURE ET LOIR;293844;249003;238053;44841;10950;99601;138452
28;29;FINISTERE;667354;582964;560440;84390;22524;301788;258652
29;30;GARD;488820;421299;402938;67521;18361;176806;226132
30;31;HAUTE GARONNE;789412;684391;656882;105021;27509;357716;299166
31;32;GERS;140283;124572;118872;15711;5700;62418;56454
32;33;GIRONDE;953649;826882;791916;126767;34966;409550;382366
33;34;HERAULT;699655;600187;576531;99468;23656;265066;311465
34;35;ILLE ET VILAINE;665677;582288;558535;83389;23753;292606;265929
35;36;INDRE;177331;151359;143139;25972;8220;71818;71321
36;37;INDRE ET LOIRE;401748;346227;331420;55521;14807;156774;174646
37;38;ISERE;784188;671092;643386;113096;27706;308263;335123
38;39;JURA;187173;161792;153785;25381;8007;69180;84605
39;40;LANDES;282988;248153;237849;34835;10304;125638;112211
40;41;LOIR ET CHER;240584;205510;195333;35074;10177;86101;109232
41;42;LOIRE;505913;426888;407069;79025;19819;185421;221648
42;43;HAUTE LOIRE;173262;149885;142168;23377;7717;65084;77084
43;44;LOIRE ATLANTIQUE;892230;771863;741021;120367;30842;391655;349366
44;45;LOIRET;435575;371776;355021;63799;16755;147160;207861
45;46;LOT;132885;118599;113335;14286;5264;63945;49390
46;47;LOT ET GARONNE;238952;208312;198777;30640;9535;91516;107261
47;48;LOZERE;59990;52838;50405;7152;2433;22307;28098
48;49;MAINE ET LOIRE;539948;469465;447551;70483;21914;205221;242330
49;50;MANCHE;371790;318603;304520;53187;14083;133482;171038
50;51;MARNE;382293;313652;299016;68641;14636;121988;177028
51;52;HAUTE MARNE;142345;118995;112908;23350;6087;46132;66776
52;53;MAYENNE;219951;190472;181857;29479;8615;81013;100844
53;54;MEURTHE ET MOSELLE;490176;407928;390168;82248;17760;190727;199441
54;55;MEUSE;141227;119369;113652;21858;5717;48951;64701
55;56;MORBIHAN;534904;465991;446138;68913;19853;218085;228053
56;57;MOSELLE;738923;602730;575230;136193;27500;249859;325371
57;58;NIEVRE;169341;143168;136566;26173;6602;72258;64308
58;59;NORD;1776605;1456277;1394185;320328;62092;672679;721506
59;60;OISE;536646;453307;433618;83339;19689;180890;252728
60;61;ORNE;216350;184472;176275;31878;8197;74641;101634
61;62;PAS DE CALAIS;1078402;897261;855671;181141;41590;445273;410398
62;63;PUY DE DOME;443174;384472;366774;58702;17698;197914;168860
63;64;PYRENEES ATLANTIQUES;475022;411923;391510;63099;20413;205497;186013
64;65;HAUTES PYRENEES;176248;152606;145723;23642;6883;83596;62127
65;66;PYRENEES ORIENTALES;314805;267988;256827;46817;11161;113784;143043
66;67;BAS RHIN;717571;599677;574213;117894;25464;197650;376563
67;68;HAUT RHIN;506844;424035;404886;82809;19149;140130;264756
68;69;RHONE;1037922;884915;850606;153007;34309;364978;485628
69;70;HAUTE SAONE;179427;155318;146817;24109;8501;64898;81919
70;71;SAONE ET LOIRE;408844;344817;328050;64027;16767;154157;173893
71;72;SARTHE;401318;338324;322200;62994;16124;159745;162455
72;73;SAVOIE;288169;245194;234289;42975;10905;99985;134304
73;74;HAUTE SAVOIE;472858;400243;383046;72615;17197;141581;241465
74;75;PARIS;1222231;1055532;1020002;166699;35530;508082;511920
75;76;SEINE MARITIME;873623;738271;707162;135352;31109;352174;354988
76;77;SEINE ET MARNE;801895;680359;652572;121536;27787;285492;367080
77;78;YVELINES;893701;770145;740923;123556;29222;305909;435014
78;79;DEUX SEVRES;269099;236030;226676;33069;9354;123966;102710
79;80;SOMME;410186;349066;333597;61120;15469;165280;168317
80;81;TARN;276335;243815;232354;32520;11461;117836;114518
81;82;TARN ET GARONNE;165795;145708;139472;20087;6236;65547;73925
82;83;VAR;716810;606058;583413;110752;22645;201069;382344
83;84;VAUCLUSE;370699;318223;304215;52476;14008;119509;184706
84;85;VENDEE;464228;405337;386740;58891;18597;166060;220680
85;86;VIENNE;299239;258775;247108;40464;11667;127029;120079
86;87;HAUTE VIENNE;265881;232072;219813;33809;12259;123518;96295
87;88;VOSGES;288654;243164;229757;45490;13407;104023;125734
88;89;YONNE;245501;206567;196712;38934;9855;81254;115458
89;90;TERRITOIRE DE BELFORT;93863;80166;75967;13697;4199;34307;41660
90;91;ESSONNE;743095;638433;612822;104662;25611;293652;319170
91;92;HAUTS DE SEINE;905058;777472;748762;127586;28710;332096;416666
92;93;SEINE SAINT-DENIS;708163;583909;564542;124254;19367;319205;245337
93;94;VAL DE MARNE;746081;630540;607490;115541;23050;304978;302512
94;95;VAL D'OISE;675274;572186;550755;103088;21431;262693;288062
95;2A;CORSE SUD;94554;73997;71093;20557;2904;27249;43844
96;2B;HAUTE CORSE;111875;88224;84887;23651;3337;34960;49927